The exchange replied: {u'symbols': [{u'position': 0, u'symbol': u'FIVEHK'}, {u'position': 0, u'symbol': u'GBP'}, {u'position': 0, u'symbol': u'HKD'}, {u'position': 0, u'symbol': u'HSBC'}, {u'position': 0, u'symbol': u'USD'}], u'type': u'hello'}
info:  {u'symbols': [u'FIVEHK', u'GBPHKD', u'GBPUSD', u'HSBC', u'USDHKD'], u'type': u'open'}
putting buy order  
book_record:  {u'GBPUSD': {'sell': [[12319, 6], [12320, 7], [12321, 1], [12322, 6]], 'buy': [[12317, 2], [12316, 6], [12315, 7], [12314, 2]], 'best_sell': [12319, 6], 'best_buy': [12317, 2]}}
putting sell order  
book_record:  {u'USDHKD': {'sell': [[80001, 1], [80002, 1], [80004, 5], [80014, 1]], 'buy': [[79992, 1], [79991, 6], [79990, 2], [79989, 1], [79988, 1], [79986, 2], [79980, 3], [79975, 1]], 'best_sell': [80001, 1], 'best_buy': [79992, 1]}, u'GBPUSD': {'sell': [[12319, 6], [12320, 7], [12321, 1], [12322, 6]], 'buy': [[12317, 2], [12316, 6], [12315, 7], [12314, 2]], 'best_sell': [12319, 6], 'best_buy': [12317, 2]}}
i: 1
info:  {u'sell': [[1873, 14], [1874, 1]], u'symbol': u'HSBC', u'buy': [[1871, 12], [1870, 5]], u'type': u'book'}
book_record:  {u'USDHKD': {'sell': [[80001, 1], [80002, 1], [80004, 5], [80014, 1]], 'buy': [[79992, 1], [79991, 6], [79990, 2], [79989, 1], [79988, 1], [79986, 2], [79980, 3], [79975, 1]], 'best_sell': [80001, 1], 'best_buy': [79992, 1]}, u'GBPUSD': {'sell': [[12319, 6], [12320, 7], [12321, 1], [12322, 6]], 'buy': [[12317, 2], [12316, 6], [12315, 7], [12314, 2]], 'best_sell': [12319, 6], 'best_buy': [12317, 2]}, u'HSBC': {'sell': [[1873, 14], [1874, 1]], 'buy': [[1871, 12], [1870, 5]], 'best_sell': [1873, 14], 'best_buy': [1871, 12]}}
putting buy order  
book_record:  {u'USDHKD': {'sell': [[80001, 1], [80002, 1], [80004, 5], [80014, 1]], 'buy': [[79992, 1], [79991, 6], [79990, 2], [79989, 1], [79988, 1], [79986, 2], [79980, 3], [79975, 1]], 'best_sell': [80001, 1], 'best_buy': [79992, 1]}, u'GBPUSD': {'sell': [[12319, 6], [12320, 7], [12321, 1], [12322, 6]], 'buy': [[12317, 2], [12316, 6], [12315, 7], [12314, 2]], 'best_sell': [12319, 6], 'best_buy': [12317, 2]}, u'HSBC': {'sell': [[1873, 14], [1874, 1]], 'buy': [[1871, 12], [1870, 5]], 'best_sell': [1873, 14], 'best_buy': [1871, 12]}, u'FIVEHK': {'sell': [[15022, 1], [15055, 1], [15059, 1], [15070, 4], [15094, 1], [15102, 2]], 'buy': [[14972, 2], [14949, 7], [14912, 4]], 'best_sell': [15022, 1], 'best_buy': [14972, 2]}}
putting sell order  
book_record:  {u'GBPHKD': {'sell': [[98593, 1], [98596, 1], [98606, 4], [98616, 1]], 'buy': [[98542, 1], [98527, 3], [98499, 1], [98493, 4], [98487, 1], [98485, 3]], 'best_sell': [98593, 1], 'best_buy': [98542, 1]}, u'USDHKD': {'sell': [[80001, 1], [80002, 1], [80004, 5], [80014, 1]], 'buy': [[79992, 1], [79991, 6], [79990, 2], [79989, 1], [79988, 1], [79986, 2], [79980, 3], [79975, 1]], 'best_sell': [80001, 1], 'best_buy': [79992, 1]}, u'GBPUSD': {'sell': [[12319, 6], [12320, 7], [12321, 1], [12322, 6]], 'buy': [[12317, 2], [12316, 6], [12315, 7], [12314, 2]], 'best_sell': [12319, 6], 'best_buy': [12317, 2]}, u'HSBC': {'sell': [[1873, 14], [1874, 1]], 'buy': [[1871, 12], [1870, 5]], 'best_sell': [1873, 14], 'best_buy': [1871, 12]}, u'FIVEHK': {'sell': [[15022, 1], [15055, 1], [15059, 1], [15070, 4], [15094, 1], [15102, 2]], 'buy': [[14972, 2], [14949, 7], [14912, 4]], 'best_sell': [15022, 1], 'best_buy': [14972, 2]}}
i: 2
info:  {u'order_id': 1, u'type': u'reject', u'error': u'BAD_SYMBOL'}
putting buy order  
putting sell order  
book_record:  {u'GBPHKD': {'sell': [[98593, 1], [98596, 1], [98606, 4], [98616, 1]], 'buy': [[98542, 1], [98527, 3], [98499, 1], [98493, 4], [98487, 1], [98485, 3]], 'best_sell': [98593, 1], 'best_buy': [98542, 1]}, u'USDHKD': {'sell': [[80001, 1], [80002, 1], [80004, 5], [80014, 1]], 'buy': [[79992, 1], [79991, 6], [79990, 2], [79989, 1], [79988, 1], [79986, 2], [79980, 3], [79975, 1]], 'best_sell': [80001, 1], 'best_buy': [79992, 1]}, u'GBPUSD': {'sell': [[12319, 6], [12320, 7], [12321, 1], [12322, 6]], 'buy': [[12317, 1], [12316, 6], [12315, 7], [12314, 2]], 'best_sell': [12319, 6], 'best_buy': [12317, 1]}, u'HSBC': {'sell': [[1873, 14], [1874, 1]], 'buy': [[1871, 12], [1870, 5]], 'best_sell': [1873, 14], 'best_buy': [1871, 12]}, u'FIVEHK': {'sell': [[15022, 1], [15055, 1], [15059, 1], [15070, 4], [15094, 1], [15102, 2]], 'buy': [[14972, 2], [14949, 7], [14912, 4]], 'best_sell': [15022, 1], 'best_buy': [14972, 2]}}
i: 3
info:  {u'sell': [[12319, 6], [12320, 7], [12321, 1], [12322, 6]], u'symbol': u'GBPUSD', u'buy': [[12317, 1], [12316, 6], [12315, 11], [12314, 2]], u'type': u'book'}
book_record:  {u'GBPHKD': {'sell': [[98593, 1], [98596, 1], [98606, 4], [98616, 1]], 'buy': [[98542, 1], [98527, 3], [98499, 1], [98493, 4], [98487, 1], [98485, 3]], 'best_sell': [98593, 1], 'best_buy': [98542, 1]}, u'USDHKD': {'sell': [[80001, 1], [80002, 1], [80004, 5], [80014, 1]], 'buy': [[79992, 1], [79991, 6], [79990, 2], [79989, 1], [79988, 1], [79986, 2], [79980, 3], [79975, 1]], 'best_sell': [80001, 1], 'best_buy': [79992, 1]}, u'GBPUSD': {'sell': [[12319, 6], [12320, 7], [12321, 1], [12322, 6]], 'buy': [[12317, 1], [12316, 6], [12315, 11], [12314, 2]], 'best_sell': [12319, 6], 'best_buy': [12317, 1]}, u'HSBC': {'sell': [[1873, 14], [1874, 1]], 'buy': [[1871, 12], [1870, 5]], 'best_sell': [1873, 14], 'best_buy': [1871, 12]}, u'FIVEHK': {'sell': [[15022, 1], [15055, 1], [15059, 1], [15070, 4], [15094, 1], [15102, 2]], 'buy': [[14972, 2], [14949, 7], [14912, 4]], 'best_sell': [15022, 1], 'best_buy': [14972, 2]}}
putting buy order  
book_record:  {u'GBPHKD': {'sell': [[98593, 1], [98596, 1], [98606, 4], [98616, 1]], 'buy': [[98542, 1], [98527, 3], [98499, 1], [98493, 4], [98487, 1], [98485, 3]], 'best_sell': [98593, 1], 'best_buy': [98542, 1]}, u'USDHKD': {'sell': [[80001, 1], [80002, 1], [80004, 5], [80014, 1], [80021, 1]], 'buy': [[79992, 1], [79991, 6], [79990, 2], [79989, 1], [79988, 1], [79986, 2], [79980, 3], [79975, 1]], 'best_sell': [80001, 1], 'best_buy': [79992, 1]}, u'GBPUSD': {'sell': [[12319, 6], [12320, 7], [12321, 1], [12322, 6]], 'buy': [[12317, 1], [12316, 6], [12315, 11], [12314, 2]], 'best_sell': [12319, 6], 'best_buy': [12317, 1]}, u'HSBC': {'sell': [[1873, 14], [1874, 1]], 'buy': [[1871, 12], [1870, 5]], 'best_sell': [1873, 14], 'best_buy': [1871, 12]}, u'FIVEHK': {'sell': [[15022, 1], [15055, 1], [15059, 1], [15070, 4], [15094, 1], [15102, 2]], 'buy': [[14972, 2], [14949, 7], [14912, 4]], 'best_sell': [15022, 1], 'best_buy': [14972, 2]}}
putting sell order  
book_record:  {u'GBPHKD': {'sell': [[98593, 1], [98596, 1], [98606, 4], [98616, 1]], 'buy': [[98542, 1], [98527, 3], [98499, 1], [98493, 4], [98487, 1], [98485, 3]], 'best_sell': [98593, 1], 'best_buy': [98542, 1]}, u'USDHKD': {'sell': [[80001, 1], [80002, 1], [80004, 5], [80014, 1], [80021, 1]], 'buy': [[79992, 1], [79991, 6], [79990, 2], [79989, 1], [79988, 1], [79986, 2], [79980, 3], [79975, 1]], 'best_sell': [80001, 1], 'best_buy': [79992, 1]}, u'GBPUSD': {'sell': [[12319, 6], [12320, 7], [12321, 1], [12322, 4]], 'buy': [[12317, 1], [12316, 6], [12315, 11], [12314, 2]], 'best_sell': [12319, 6], 'best_buy': [12317, 1]}, u'HSBC': {'sell': [[1873, 14], [1874, 1]], 'buy': [[1871, 12], [1870, 5]], 'best_sell': [1873, 14], 'best_buy': [1871, 12]}, u'FIVEHK': {'sell': [[15022, 1], [15055, 1], [15059, 1], [15070, 4], [15094, 1], [15102, 2]], 'buy': [[14972, 2], [14949, 7], [14912, 4]], 'best_sell': [15022, 1], 'best_buy': [14972, 2]}}
i: 4
info:  {u'sell': [[1873, 14], [1874, 1]], u'symbol': u'HSBC', u'buy': [[1871, 13], [1870, 5]], u'type': u'book'}
book_record:  {u'GBPHKD': {'sell': [[98593, 1], [98596, 1], [98606, 4], [98616, 1]], 'buy': [[98542, 1], [98527, 3], [98499, 1], [98493, 4], [98487, 1], [98485, 3]], 'best_sell': [98593, 1], 'best_buy': [98542, 1]}, u'USDHKD': {'sell': [[80001, 1], [80002, 1], [80004, 5], [80014, 1], [80021, 1]], 'buy': [[79992, 1], [79991, 6], [79990, 2], [79989, 1], [79988, 1], [79986, 2], [79980, 3], [79975, 1]], 'best_sell': [80001, 1], 'best_buy': [79992, 1]}, u'GBPUSD': {'sell': [[12319, 6], [12320, 7], [12321, 1], [12322, 4]], 'buy': [[12317, 1], [12316, 6], [12315, 11], [12314, 2]], 'best_sell': [12319, 6], 'best_buy': [12317, 1]}, u'HSBC': {'sell': [[1873, 14], [1874, 1]], 'buy': [[1871, 13], [1870, 5]], 'best_sell': [1873, 14], 'best_buy': [1871, 13]}, u'FIVEHK': {'sell': [[15022, 1], [15055, 1], [15059, 1], [15070, 4], [15094, 1], [15102, 2]], 'buy': [[14972, 2], [14949, 7], [14912, 4]], 'best_sell': [15022, 1], 'best_buy': [14972, 2]}}
putting buy order  
book_record:  {u'GBPHKD': {'sell': [[98593, 1], [98596, 1], [98606, 4], [98616, 1]], 'buy': [[98542, 1], [98527, 3], [98499, 1], [98493, 4], [98487, 1], [98485, 3]], 'best_sell': [98593, 1], 'best_buy': [98542, 1]}, u'USDHKD': {'sell': [[80001, 1], [80002, 1], [80004, 5], [80014, 1], [80021, 1]], 'buy': [[79992, 1], [79991, 6], [79990, 2], [79989, 1], [79988, 1], [79986, 2], [79980, 3], [79975, 1]], 'best_sell': [80001, 1], 'best_buy': [79992, 1]}, u'GBPUSD': {'sell': [[12319, 6], [12320, 7], [12321, 1], [12322, 4]], 'buy': [[12317, 1], [12316, 6], [12315, 10], [12314, 2]], 'best_sell': [12319, 6], 'best_buy': [12317, 1]}, u'HSBC': {'sell': [[1873, 14], [1874, 1]], 'buy': [[1871, 13], [1870, 5]], 'best_sell': [1873, 14], 'best_buy': [1871, 13]}, u'FIVEHK': {'sell': [[15022, 1], [15055, 1], [15059, 1], [15070, 4], [15094, 1], [15102, 2]], 'buy': [[14972, 2], [14949, 7], [14912, 4]], 'best_sell': [15022, 1], 'best_buy': [14972, 2]}}
putting sell order  
ERROR: list indices must be integers, not unicode
info:  {u'sell': [[1873, 14], [1874, 1]], u'symbol': u'HSBC', u'buy': [[1871, 12], [1870, 5]], u'type': u'book'}
book_record:  {u'GBPHKD': {'sell': [[98593, 1], [98596, 1], [98606, 4], [98616, 1]], 'buy': [[98542, 1], [98527, 3], [98499, 1], [98493, 4], [98487, 1], [98485, 3]], 'best_sell': [98593, 1], 'best_buy': [98542, 1]}, u'USDHKD': {'sell': [[80001, 1], [80002, 1], [80004, 5], [80014, 1], [80021, 1]], 'buy': [[79992, 1], [79991, 6], [79990, 2], [79989, 1], [79988, 1], [79986, 2], [79980, 3], [79975, 1]], 'best_sell': [80001, 1], 'best_buy': [79992, 1]}, u'GBPUSD': {'sell': [[12319, 6], [12320, 7], [12321, 1], [12322, 4]], 'buy': [[12317, 1], [12316, 6], [12315, 10], [12314, 2]], 'best_sell': [12319, 6], 'best_buy': [12317, 1]}, u'HSBC': {'sell': [[1873, 14], [1874, 1]], 'buy': [[1871, 12], [1870, 5]], 'best_sell': [1873, 14], 'best_buy': [1871, 12]}, u'FIVEHK': {'sell': [[15022, 1], [15055, 1], [15059, 1], [15070, 4], [15094, 1], [15102, 2]], 'buy': [[14972, 2], [14949, 7], [14912, 4]], 'best_sell': [15022, 1], 'best_buy': [14972, 2]}}
putting buy order  
book_record:  {u'GBPHKD': {'sell': [[98593, 1], [98596, 1], [98606, 4], [98616, 1]], 'buy': [[98542, 1], [98527, 3], [98499, 1], [98493, 4], [98487, 1], [98485, 3]], 'best_sell': [98593, 1], 'best_buy': [98542, 1]}, u'USDHKD': {'sell': [[80001, 1], [80002, 1], [80004, 5], [80014, 1], [80021, 1]], 'buy': [[79992, 1], [79990, 2], [79989, 1], [79988, 1], [79986, 2], [79980, 3], [79975, 1]], 'best_sell': [80001, 1], 'best_buy': [79992, 1]}, u'GBPUSD': {'sell': [[12319, 6], [12320, 7], [12321, 1], [12322, 4]], 'buy': [[12317, 1], [12316, 6], [12315, 10], [12314, 2]], 'best_sell': [12319, 6], 'best_buy': [12317, 1]}, u'HSBC': {'sell': [[1873, 14], [1874, 1]], 'buy': [[1871, 12], [1870, 5]], 'best_sell': [1873, 14], 'best_buy': [1871, 12]}, u'FIVEHK': {'sell': [[15022, 1], [15055, 1], [15059, 1], [15070, 4], [15094, 1], [15102, 2]], 'buy': [[14972, 2], [14949, 7], [14912, 4]], 'best_sell': [15022, 1], 'best_buy': [14972, 2]}}
putting sell order  
book_record:  {u'GBPHKD': {'sell': [[98593, 1], [98596, 1], [98606, 4], [98616, 1]], 'buy': [[98542, 1], [98527, 3], [98499, 1], [98493, 4], [98487, 1], [98485, 3]], 'best_sell': [98593, 1], 'best_buy': [98542, 1]}, u'USDHKD': {'sell': [[80001, 1], [80002, 1], [80004, 5], [80014, 1], [80021, 1]], 'buy': [[79992, 1], [79990, 2], [79989, 1], [79988, 1], [79986, 2], [79980, 3], [79975, 1]], 'best_sell': [80001, 1], 'best_buy': [79992, 1]}, u'GBPUSD': {'sell': [[12319, 6], [12320, 7], [12321, 1], [12322, 4]], 'buy': [[12317, 1], [12316, 9], [12315, 10], [12314, 2]], 'best_sell': [12319, 6], 'best_buy': [12317, 1]}, u'HSBC': {'sell': [[1873, 14], [1874, 1]], 'buy': [[1871, 12], [1870, 5]], 'best_sell': [1873, 14], 'best_buy': [1871, 12]}, u'FIVEHK': {'sell': [[15022, 1], [15055, 1], [15059, 1], [15070, 4], [15094, 1], [15102, 2]], 'buy': [[14972, 2], [14949, 7], [14912, 4]], 'best_sell': [15022, 1], 'best_buy': [14972, 2]}}
i: 6
info:  {u'sell': [[1873, 15], [1874, 1]], u'symbol': u'HSBC', u'buy': [[1871, 12], [1870, 5]], u'type': u'book'}
book_record:  {u'GBPHKD': {'sell': [[98593, 1], [98596, 1], [98606, 4], [98616, 1]], 'buy': [[98542, 1], [98527, 3], [98499, 1], [98493, 4], [98487, 1], [98485, 3]], 'best_sell': [98593, 1], 'best_buy': [98542, 1]}, u'USDHKD': {'sell': [[80001, 1], [80002, 1], [80004, 5], [80014, 1], [80021, 1]], 'buy': [[79992, 1], [79990, 2], [79989, 1], [79988, 1], [79986, 2], [79980, 3], [79975, 1]], 'best_sell': [80001, 1], 'best_buy': [79992, 1]}, u'GBPUSD': {'sell': [[12319, 6], [12320, 7], [12321, 1], [12322, 4]], 'buy': [[12317, 1], [12316, 9], [12315, 10], [12314, 2]], 'best_sell': [12319, 6], 'best_buy': [12317, 1]}, u'HSBC': {'sell': [[1873, 15], [1874, 1]], 'buy': [[1871, 12], [1870, 5]], 'best_sell': [1873, 15], 'best_buy': [1871, 12]}, u'FIVEHK': {'sell': [[15022, 1], [15055, 1], [15059, 1], [15070, 4], [15094, 1], [15102, 2]], 'buy': [[14972, 2], [14949, 7], [14912, 4]], 'best_sell': [15022, 1], 'best_buy': [14972, 2]}}
putting buy order  
book_record:  {u'GBPHKD': {'sell': [[98593, 1], [98596, 1], [98606, 4], [98616, 1]], 'buy': [[98542, 1], [98527, 3], [98499, 1], [98493, 4], [98487, 1], [98485, 3]], 'best_sell': [98593, 1], 'best_buy': [98542, 1]}, u'USDHKD': {'sell': [[80001, 1], [80002, 1], [80004, 5], [80014, 1], [80021, 1]], 'buy': [[79992, 1], [79990, 2], [79989, 1], [79988, 1], [79986, 2], [79980, 3], [79975, 1]], 'best_sell': [80001, 1], 'best_buy': [79992, 1]}, u'GBPUSD': {'sell': [[12319, 6], [12320, 7], [12321, 3], [12322, 4]], 'buy': [[12317, 1], [12316, 9], [12315, 10], [12314, 2]], 'best_sell': [12319, 6], 'best_buy': [12317, 1]}, u'HSBC': {'sell': [[1873, 15], [1874, 1]], 'buy': [[1871, 12], [1870, 5]], 'best_sell': [1873, 15], 'best_buy': [1871, 12]}, u'FIVEHK': {'sell': [[15022, 1], [15055, 1], [15059, 1], [15070, 4], [15094, 1], [15102, 2]], 'buy': [[14972, 2], [14949, 7], [14912, 4]], 'best_sell': [15022, 1], 'best_buy': [14972, 2]}}
putting sell order  
book_record:  {u'GBPHKD': {'sell': [[98593, 1], [98596, 1], [98606, 4], [98616, 1]], 'buy': [[98542, 1], [98527, 3], [98499, 1], [98493, 4], [98487, 1], [98485, 3]], 'best_sell': [98593, 1], 'best_buy': [98542, 1]}, u'USDHKD': {'sell': [[80001, 1], [80002, 1], [80004, 5], [80014, 1], [80021, 1]], 'buy': [[79992, 1], [79989, 1], [79988, 1], [79986, 2], [79980, 3], [79975, 1]], 'best_sell': [80001, 1], 'best_buy': [79992, 1]}, u'GBPUSD': {'sell': [[12319, 6], [12320, 7], [12321, 3], [12322, 4]], 'buy': [[12317, 1], [12316, 9], [12315, 10], [12314, 2]], 'best_sell': [12319, 6], 'best_buy': [12317, 1]}, u'HSBC': {'sell': [[1873, 15], [1874, 1]], 'buy': [[1871, 12], [1870, 5]], 'best_sell': [1873, 15], 'best_buy': [1871, 12]}, u'FIVEHK': {'sell': [[15022, 1], [15055, 1], [15059, 1], [15070, 4], [15094, 1], [15102, 2]], 'buy': [[14972, 2], [14949, 7], [14912, 4]], 'best_sell': [15022, 1], 'best_buy': [14972, 2]}}